{
  "study_name": "ppo_vae_sp500_sharpe",
  "asset_class": "sp500",
  "reward_type": "sharpe",
  "best_value": -106.20400454998017,
  "best_params": {
    "latent_dim": 32,
    "hidden_dim": 512,
    "vae_lr": 0.00032768209762336516,
    "policy_lr": 8.854562053336064e-05,
    "vae_beta": 0.0014277747724047083,
    "entropy_coef": 0.04356214051589346,
    "ppo_clip_ratio": 0.2983609586372239,
    "eta": 0.001069954956673335,
    "reward_lookback": 27
  },
  "n_trials": 50
}
